Afghanistan	622.4	690.8	666.8	633.6	
Albania	4,437.8	4,247.5	4,411.3	4,564.4	
Algeria	5,447.4	5,583.6	5,491.6	5,484.1	
American Samoa						
Andorra	41,630.1	39,666.4	42,806.5		
Angola	5,053.7	5,531.8	5,900.5		
Antigua and Barbuda	12,817.8	13,525.6	13,342.1	13,432.1	
Argentina	13,392.9	14,357.4	14,443.1	12,509.5	
Armenia	3,417.2	3,565.5	3,716.8	3,873.5	
Aruba	25,353.8					
Australia	62,216.5	67,646.1	67,652.7	61,979.9	
Austria	51,123.6	48,324.3	50,557.8	51,122.4	
Azerbaijan	7,189.7	7,393.8	7,811.6	7,886.5	
Bahamas, The	21,514.9	22,112.6	22,315.6	22,217.5	
Bahrain	22,238.7	23,063.1	24,378.9	24,855.2	
Bangladesh	838.5	858.9	954.4	1,086.8	
Barbados	15,530.9	15,317.1	15,153.8	15,366.3	
Belarus	6,305.8	6,721.8	7,722.1	8,040.0	
Belgium	47,699.8	44,731.2	46,625.3	47,327.6	
Belize	4,517.1	4,674.3	4,719.1	4,831.2	
Benin	799.0	807.7	882.6	903.5	
Bermuda	85,973.2	85,458.5	85,748.1		
Bhutan	2,485.8	2,452.2	2,383.0	2,560.5	
Bolivia	2,377.7	2,645.3	2,948.0	3,124.1	
Bosnia and Herzegovina	4,860.8	4,494.6	4,748.0	4,851.7	
Botswana	7,504.9	6,935.6	6,882.3	7,123.3	
Brazil	13,039.1	12,157.3	12,071.8	11,726.8	
Brunei Darussalam	41,787.0	41,807.7	39,151.2	40,979.6	
Bulgaria	7,750.0	7,333.4	7,656.6	7,851.3	
Burkina Faso	665.8	673.0	708.8	713.1	
Burundi	240.6	244.2	259.4	286.0	
Cabo Verde	3,766.1	3,497.7	3,623.2	3,641.1	
Cambodia	879.2	946.5	1,024.6	1,094.6	
Cameroon	1,258.9	1,222.2	1,331.2	1,407.4	
Canada	52,086.5	52,737.8	52,309.4	50,230.8	
Cayman Islands						
Central African Republic	484.6	469.7	326.4	358.5	
Chad	988.4	972.7	985.1	1,024.7	
Chile	14,582.2	15,253.3	15,741.7	14,528.3	
China	5,574.2	6,264.6	6,991.9	7,590.0	
Colombia	7,227.8	7,885.1	8,028.0	7,903.9	
Comoros	790.6	750.3	796.8	810.1	
Congo, Dem. Rep.	350.3	390.7	413.7	442.3	
Congo, Rep.	3,453.2	3,191.2	3,205.5	3,147.1	
Costa Rica	8,963.7	9,733.4	10,461.6	10,415.4	
Cote d'Ivoire	1,231.9	1,281.4	1,447.2	1,545.9	
Croatia	14,542.2	13,236.0	13,575.0	13,475.3	
Cuba	6,092.6	6,448.2	6,789.8		
Curacao						
Cyprus	31,836.6	28,868.3	27,910.6	27,194.4	
Czech Republic	21,656.9	19,640.9	19,813.9	19,502.4	
Denmark	61,304.1	57,636.1	59,818.6	60,718.4	
Djibouti	1,472.0	1,586.8	1,683.4	1,813.6	
Dominica	7,023.4	6,768.3	7,036.5	7,244.5	
Dominican Republic	5,820.4	5,967.0	5,968.7	6,163.6	
Ecuador	5,223.4	5,702.2	6,051.6	6,345.8	
Egypt, Arab Rep.	2,816.7	3,226.1	3,264.5	3,365.7	
El Salvador	3,821.3	3,921.7	3,998.7	4,120.0	
Equatorial Guinea	22,944.9	23,278.2	21,497.9	18,918.3	
Eritrea	544.5					
Estonia	17,453.8	17,491.0	19,155.4	20,147.8	
Ethiopia	355.6	469.8	503.9	573.6	
Faroe Islands	50,910.4	48,695.2	54,117.8		
Fiji	4,351.9	4,550.3	4,765.7	5,112.3	
Finland	50,787.6	47,415.6	49,492.8	49,842.7	
France	43,807.5	40,850.4	42,627.7	42,725.7	
French Polynesia						
Gabon	11,530.1	10,642.4	10,658.8	10,772.1	
Gambia, The	517.0	505.0	484.1	441.3	
Georgia	3,725.1	4,142.9	4,274.4	4,435.2	
Germany	45,936.1	44,010.9	45,600.8	47,773.9	
Ghana	1,587.2	1,641.8	1,827.1	1,441.6	
Greece	25,914.7	22,242.7	21,842.7	21,672.7	
Greenland	44,010.3	41,471.7	42,827.8	43,364.9	
Grenada	7,410.8	7,583.5	7,956.1	8,573.7	
Guam						
Guatemala	3,166.6	3,278.6	3,432.0	3,673.1	
Guinea	447.8	487.3	521.5	539.6	
Guinea-Bissau	659.5	559.2	538.7	567.8	
Guyana	3,408.7	3,759.4	3,918.4	4,053.9	
Haiti	740.9	766.9	810.3	824.2	
Honduras	2,323.8	2,395.1	2,356.5	2,434.8	
Hong Kong SAR, China	35,142.5	36,707.8	38,364.2	40,169.5	
Hungary	14,032.8	12,819.7	13,585.4	14,026.6	
Iceland	45,970.9	44,258.8	47,493.2	52,036.7	
India	1,471.7	1,449.7	1,455.1	1,581.5	
Indonesia	3,647.6	3,700.5	3,623.5	3,491.9	
Iran, Islamic Rep.	7,874.5	7,710.5	6,631.3	5,442.9	
Iraq	5,839.3	6,649.2	6,882.5	6,420.1	
Ireland	52,828.4	48,976.9	51,814.9	54,339.3	
Isle of Man						
Israel	33,707.3	32,818.9	36,281.2	37,206.2	
Italy	38,364.9	34,844.5	35,420.9	35,222.8	
Jamaica	5,332.5	5,445.9	5,226.2	5,106.1	
Japan	46,203.7	46,679.3	38,633.7	36,194.4	
Jordan	4,666.0	4,896.7	5,200.3	5,422.6	
Kazakhstan	11,357.9	12,120.3	13,611.5	12,601.6	
Kenya	1,012.9	1,184.9	1,257.2	1,358.3	
Kiribati	1,645.8	1,641.2	1,556.5	1,509.5	
Korea, Dem. People’s Rep.						
Korea, Rep.	24,155.8	24,454.0	25,997.9	27,970.5	
Kuwait	47,551.4	50,903.9	48,463.2	43,593.7	
Kyrgyz Republic	1,123.9	1,178.0	1,282.4	1,268.9	
Lao PDR	1,301.0	1,445.9	1,701.0	1,793.5	
Latvia	13,781.2	13,775.3	15,025.8	15,692.2	
Lebanon	9,132.4	9,729.3	9,870.5	10,057.9	
Lesotho	1,241.2	1,158.8	1,064.8	1,034.2	
Liberia	378.8	414.2	453.3	457.9	
Libya	5,517.8	13,035.2	10,454.8	6,573.4	
Liechtenstein	157,093.0	149,160.8			
Lithuania	14,367.2	14,342.5	15,692.0	16,489.7	
Luxembourg	113,239.6	105,447.1	113,726.6	116,612.9	
Macao SAR, China	67,013.0	77,078.8	90,331.8	96,038.1	
Macedonia, FYR	5,080.0	4,709.5	5,195.3	5,455.6	
Madagascar	456.3	445.0	463.0	449.4	
Malawi	369.6	270.1	239.9	255.0	
Malaysia	10,427.8	10,834.7	10,973.7	11,307.1	
Maldives	6,497.6	6,530.0	7,100.9	7,635.5	
Mali	680.8	641.8	659.5	704.5	
Malta	22,347.7	21,176.3	22,776.2		
Marshall Islands	3,290.0	3,502.3	3,602.9	3,529.7	
Mauritania	1,390.9	1,282.8	1,306.0	1,275.0	
Mauritius	8,984.6	9,113.6	9,479.9	10,016.6	
Mexico	9,715.1	9,703.4	10,172.7	10,325.6	
Micronesia, Fed. Sts.	2,998.6	3,147.7	3,044.1	3,057.1	
Moldova	1,970.6	2,046.5	2,244.0	2,238.9	
Monaco	163,351.6					
Mongolia	3,772.9	4,377.2	4,387.7	4,129.4	
Montenegro	7,318.7	6,586.7	7,186.4	7,378.3	
Morocco	3,066.5	2,931.4	3,156.2	3,190.3	
Mozambique	524.9	564.8	605.2	585.6	
Myanmar		1,421.5	1,107.0	1,203.8	
Namibia	5,539.6	5,680.0	5,435.5	5,408.2	
Nepal	695.9	685.5	692.3	701.7	
Netherlands	53,537.3	49,474.7	51,425.1	52,138.7	
New Caledonia						
New Zealand	37,896.9	39,505.0	42,308.2	44,342.2	
Nicaragua	1,679.7	1,779.9	1,825.0	1,963.1	
Niger	378.2	393.6	418.5	427.4	
Nigeria	2,514.1	2,739.9	2,979.8	3,203.3	
Northern Mariana Islands						
Norway	100,575.1	101,563.7	102,832.3	97,299.6	
Oman	21,164.3	21,533.8	20,011.3	19,309.6	
Pakistan	1,230.8	1,266.4	1,275.4	1,316.6	
Palau	9,765.3	10,397.8	10,926.3	11,879.7	
Panama	9,036.0	10,138.5	11,206.4	11,948.9	
Papua New Guinea	1,838.7	2,151.2	2,108.8	2,268.2	
Paraguay	3,983.5	3,858.0	4,497.4	4,712.8	
Peru	5,731.3	6,388.8	6,603.8	6,541.0	
Philippines	2,371.9	2,604.7	2,787.0	2,872.5	
Poland	13,891.1	13,142.0	13,776.5	14,336.8	
Portugal	23,194.7	20,577.4	21,618.7	22,124.4	
Puerto Rico	27,219.4	27,752.0	28,681.7		
Qatar	89,115.9	94,407.4	96,077.0	96,732.4	
Romania	9,200.3	8,577.3	9,587.2	10,000.0	
Russian Federation	13,323.9	14,078.8	14,487.3	12,735.9	
Rwanda	606.9	667.4	679.0	695.7	
Samoa	4,063.6	4,257.1	4,179.6	4,172.2	
San Marino						
Sao Tome and Principe	1,374.1	1,488.0	1,675.7	1,810.7	
Saudi Arabia	23,256.1	24,883.2	24,646.0	24,406.5	
Senegal	1,081.1	1,019.3	1,051.4	1,067.1	
Serbia	6,423.3	5,659.4	6,353.8	6,152.9	
Seychelles	12,189.0	12,844.9	15,695.6	15,564.6	
Sierra Leone	490.9	618.9	783.0	766.0	
Singapore	53,121.4	54,576.8	55,980.2	56,284.3	
Sint Maarten (Dutch part)						
Slovak Republic	18,138.7	17,207.3	18,109.5	18,500.7	
Slovenia	24,983.7	22,477.6	23,144.1	24,001.9	
Solomon Islands	1,648.9	1,866.7	1,890.0	2,024.2	
Somalia			521.2	542.6	
South Africa	8,080.9	7,592.2	6,889.8	6,483.9	
South Sudan	1,696.1	944.3	1,157.5	1,115.1	
Spain	31,832.2	28,647.8	29,370.7	29,721.6	
Sri Lanka	3,128.7	3,350.7	3,611.3	3,794.9	
St. Kitts and Nevis	13,737.3	13,642.5	14,498.6	15,510.4	
St. Lucia	7,195.7	7,248.2	7,319.5	7,647.5	
St. Martin (French part)						
St. Vincent and the Grenadines	6,183.7	6,337.8	6,591.6	6,668.9	
Sudan	1,596.4	1,662.3	1,726.1	1,875.8	
Suriname	8,448.5	9,422.3	9,618.4	9,680.1	
Swaziland	4,093.4	3,988.7	3,648.1	3,477.1	
Sweden	59,593.7	57,134.1	60,283.2	58,898.9	
Switzerland	88,002.6	83,208.7	84,669.3	85,616.6	
Syrian Arab Republic						
Tajikistan	841.2	962.4	1,048.7	1,114.0	
Tanzania	740.4	827.5	910.4	955.1	
Thailand	5,539.5	5,917.9	6,229.2	5,977.4	
Timor-Leste	1,015.7	1,127.1	1,117.7	1,169.0	
Togo	572.0	580.5	626.2	635.0	
Tonga	4,226.7	4,364.3	4,117.3	4,114.0	
Trinidad and Tobago	18,287.4	18,322.3	20,217.1	21,323.8	
Tunisia	4,298.1	4,187.5	4,310.0	4,420.7	
Turkey	10,584.2	10,646.0	10,975.1	10,515.0	
Turkmenistan	5,724.5	6,797.7	7,826.8	9,031.5	
Turks and Caicos Islands						
Tuvalu	3,993.5	4,044.2	3,880.4	3,826.9	
Uganda	591.4	656.4	674.3	714.6	
Ukraine	3,569.8	3,855.4	4,029.7	3,082.5	
United Arab Emirates	39,901.2	41,712.1	42,831.1	43,962.7	
United Kingdom	41,020.4	41,294.5	42,294.9	46,297.0	
United States	49,781.4	51,456.7	52,980.0	54,629.5	
Uruguay	14,166.6	15,127.6	16,879.5	16,806.8	
Uzbekistan	1,544.8	1,719.0	1,878.0	2,036.7	
Vanuatu	3,275.0	3,158.4	3,167.1	3,148.0	
Venezuela, RB	10,754.6	12,771.6			
Vietnam	1,542.7	1,754.5	1,907.6	2,052.3	
Virgin Islands (U.S.)						
West Bank and Gaza	2,665.0	2,782.9	2,991.5	2,965.9	
Yemen, Rep.	1,282.4	1,289.0	1,408.1		
Zambia	1,654.5	1,686.6	1,759.2	1,721.6	
Zimbabwe	768.6	850.8	905.5	931.2	
